"2025년 10월 MT": {
  "대치폴리매그넷": {
    "응시인원": [
      24,
      24,
      24,
      24,
      24,
      24,
      24,
      24,
      24,
      24,
      24,
      24,
      24,
      24,
      24,
      0,
      0,
      0,
      0,
      0
    ],
    "정답인원": [
      18,
      16,
      13,
      15,
      15,
      17,
      17,
      14,
      16,
      12,
      13,
      10,
      16,
      14,
      18,
      0,
      0,
      0,
      0,
      0
    ],
    "정답률": [
      75.0,
      66.67,
      54.17,
      62.5,
      62.5,
      70.83,
      70.83,
      58.33,
      66.67,
      50.0,
      54.17,
      41.67,
      66.67,
      58.33,
      75.0,
      0.0,
      0.0,
      0.0,
      0.0,
      0.0
    ]
  },
  "시범캠퍼스": {
    "응시인원": [
      8,
      8,
      8,
      8,
      8,
      8,
      8,
      8,
      8,
      8,
      8,
      8,
      8,
      8,
      8,
      0,
      0,
      0,
      0,
      0
    ],
    "정답인원": [
      0,
      0,
      0,
      0,
      0,
      0,
      0,
      0,
      0,
      0,
      0,
      0,
      0,
      0,
      0,
      0,
      0,
      0,
      0,
      0
    ],
    "정답률": [
      0.0,
      0.0,
      0.0,
      0.0,
      0.0,
      0.0,
      0.0,
      0.0,
      0.0,
      0.0,
      0.0,
      0.0,
      0.0,
      0.0,
      0.0,
      0.0,
      0.0,
      0.0,
      0.0,
      0.0
    ]
  },
  "폴리어학원(강동)": {
    "응시인원": [
      54,
      54,
      54,
      54,
      54,
      54,
      54,
      54,
      54,
      54,
      54,
      54,
      54,
      54,
      54,
      0,
      0,
      0,
      0,
      0
    ],
    "정답인원": [
      47,
      49,
      52,
      52,
      51,
      50,
      43,
      51,
      47,
      49,
      40,
      52,
      51,
      52,
      53,
      0,
      0,
      0,
      0,
      0
    ],
    "정답률": [
      87.04,
      90.74,
      96.3,
      96.3,
      94.44,
      92.59,
      79.63,
      94.44,
      87.04,
      90.74,
      74.07,
      96.3,
      94.44,
      96.3,
      98.15,
      0.0,
      0.0,
      0.0,
      0.0,
      0.0
    ]
  },
  "폴리어학원(강서)": {
    "응시인원": [
      56,
      56,
      56,
      56,
      56,
      56,
      56,
      56,
      56,
      56,
      56,
      56,
      56,
      56,
      56,
      0,
      0,
      0,
      0,
      0
    ],
    "정답인원": [
      46,
      45,
      36,
      40,
      46,
      43,
      34,
      45,
      36,
      45,
      39,
      39,
      42,
      45,
      47,
      0,
      0,
      0,
      0,
      0
    ],
    "정답률": [
      82.14,
      80.36,
      64.29,
      71.43,
      82.14,
      76.79,
      60.71,
      80.36,
      64.29,
      80.36,
      69.64,
      69.64,
      75.0,
      80.36,
      83.93,
      0.0,
      0.0,
      0.0,
      0.0,
      0.0
    ]
  },
  "폴리어학원(관악)": {
    "응시인원": [
      75,
      75,
      75,
      75,
      75,
      75,
      75,
      75,
      75,
      75,
      75,
      75,
      75,
      75,
      75,
      0,
      0,
      0,
      0,
      0
    ],
    "정답인원": [
      66,
      70,
      70,
      68,
      65,
      68,
      65,
      71,
      67,
      66,
      70,
      66,
      64,
      63,
      71,
      0,
      0,
      0,
      0,
      0
    ],
    "정답률": [
      88.0,
      93.33,
      93.33,
      90.67,
      86.67,
      90.67,
      86.67,
      94.67,
      89.33,
      88.0,
      93.33,
      88.0,
      85.33,
      84.0,
      94.67,
      0.0,
      0.0,
      0.0,
      0.0,
      0.0
    ]
  },
  "폴리어학원(광교)": {
    "응시인원": [
      63,
      63,
      63,
      63,
      63,
      63,
      63,
      63,
      63,
      63,
      63,
      63,
      63,
      63,
      63,
      0,
      0,
      0,
      0,
      0
    ],
    "정답인원": [
      44,
      51,
      47,
      54,
      56,
      51,
      45,
      49,
      52,
      50,
      47,
      49,
      47,
      34,
      49,
      0,
      0,
      0,
      0,
      0
    ],
    "정답률": [
      69.84,
      80.95,
      74.6,
      85.71,
      88.89,
      80.95,
      71.43,
      77.78,
      82.54,
      79.37,
      74.6,
      77.78,
      74.6,
      53.97,
      77.78,
      0.0,
      0.0,
      0.0,
      0.0,
      0.0
    ]
  },
  "폴리어학원(광명)": {
    "응시인원": [
      88,
      88,
      88,
      88,
      88,
      88,
      88,
      88,
      88,
      88,
      88,
      88,
      88,
      88,
      88,
      0,
      0,
      0,
      0,
      0
    ],
    "정답인원": [
      79,
      78,
      76,
      72,
      78,
      67,
      69,
      75,
      66,
      78,
      66,
      71,
      72,
      67,
      75,
      0,
      0,
      0,
      0,
      0
    ],
    "정답률": [
      89.77,
      88.64,
      86.36,
      81.82,
      88.64,
      76.14,
      78.41,
      85.23,
      75.0,
      88.64,
      75.0,
      80.68,
      81.82,
      76.14,
      85.23,
      0.0,
      0.0,
      0.0,
      0.0,
      0.0
    ]
  },
  "폴리어학원(광산)": {
    "응시인원": [
      6,
      6,
      6,
      6,
      6,
      6,
      6,
      6,
      6,
      6,
      6,
      6,
      6,
      6,
      6,
      0,
      0,
      0,
      0,
      0
    ],
    "정답인원": [
      3,
      5,
      4,
      5,
      3,
      6,
      4,
      6,
      4,
      5,
      3,
      4,
      3,
      5,
      3,
      0,
      0,
      0,
      0,
      0
    ],
    "정답률": [
      50.0,
      83.33,
      66.67,
      83.33,
      50.0,
      100.0,
      66.67,
      100.0,
      66.67,
      83.33,
      50.0,
      66.67,
      50.0,
      83.33,
      50.0,
      0.0,
      0.0,
      0.0,
      0.0,
      0.0
    ]
  },
  "폴리어학원(광안)": {
    "응시인원": [
      21,
      21,
      21,
      21,
      21,
      21,
      21,
      21,
      21,
      21,
      21,
      21,
      21,
      21,
      21,
      0,
      0,
      0,
      0,
      0
    ],
    "정답인원": [
      15,
      15,
      19,
      17,
      18,
      15,
      12,
      18,
      18,
      14,
      17,
      17,
      16,
      14,
      19,
      0,
      0,
      0,
      0,
      0
    ],
    "정답률": [
      71.43,
      71.43,
      90.48,
      80.95,
      85.71,
      71.43,
      57.14,
      85.71,
      85.71,
      66.67,
      80.95,
      80.95,
      76.19,
      66.67,
      90.48,
      0.0,
      0.0,
      0.0,
      0.0,
      0.0
    ]
  },
  "폴리어학원(광주봉선)": {
    "응시인원": [
      22,
      22,
      22,
      22,
      22,
      22,
      22,
      22,
      22,
      22,
      22,
      22,
      22,
      22,
      22,
      0,
      0,
      0,
      0,
      0
    ],
    "정답인원": [
      14,
      18,
      17,
      16,
      16,
      19,
      13,
      17,
      15,
      15,
      14,
      17,
      13,
      16,
      16,
      0,
      0,
      0,
      0,
      0
    ],
    "정답률": [
      63.64,
      81.82,
      77.27,
      72.73,
      72.73,
      86.36,
      59.09,
      77.27,
      68.18,
      68.18,
      63.64,
      77.27,
      59.09,
      72.73,
      72.73,
      0.0,
      0.0,
      0.0,
      0.0,
      0.0
    ]
  },
  "폴리어학원(광진)": {
    "응시인원": [
      36,
      36,
      36,
      36,
      36,
      36,
      36,
      36,
      36,
      36,
      36,
      36,
      36,
      36,
      36,
      0,
      0,
      0,
      0,
      0
    ],
    "정답인원": [
      29,
      29,
      32,
      28,
      30,
      29,
      24,
      29,
      25,
      29,
      25,
      24,
      25,
      27,
      33,
      0,
      0,
      0,
      0,
      0
    ],
    "정답률": [
      80.56,
      80.56,
      88.89,
      77.78,
      83.33,
      80.56,
      66.67,
      80.56,
      69.44,
      80.56,
      69.44,
      66.67,
      69.44,
      75.0,
      91.67,
      0.0,
      0.0,
      0.0,
      0.0,
      0.0
    ]
  },
  "폴리어학원(구리/남양주)": {
    "응시인원": [
      16,
      16,
      16,
      16,
      16,
      16,
      16,
      16,
      16,
      16,
      16,
      16,
      16,
      16,
      16,
      0,
      0,
      0,
      0,
      0
    ],
    "정답인원": [
      15,
      15,
      14,
      16,
      15,
      15,
      13,
      12,
      14,
      15,
      12,
      14,
      15,
      15,
      15,
      0,
      0,
      0,
      0,
      0
    ],
    "정답률": [
      93.75,
      93.75,
      87.5,
      100.0,
      93.75,
      93.75,
      81.25,
      75.0,
      87.5,
      93.75,
      75.0,
      87.5,
      93.75,
      93.75,
      93.75,
      0.0,
      0.0,
      0.0,
      0.0,
      0.0
    ]
  },
  "폴리어학원(구미)": {
    "응시인원": [
      111,
      111,
      111,
      111,
      111,
      111,
      111,
      111,
      111,
      111,
      111,
      111,
      111,
      111,
      111,
      0,
      0,
      0,
      0,
      0
    ],
    "정답인원": [
      85,
      86,
      87,
      88,
      88,
      89,
      69,
      90,
      78,
      83,
      81,
      83,
      79,
      75,
      85,
      0,
      0,
      0,
      0,
      0
    ],
    "정답률": [
      76.58,
      77.48,
      78.38,
      79.28,
      79.28,
      80.18,
      62.16,
      81.08,
      70.27,
      74.77,
      72.97,
      74.77,
      71.17,
      67.57,
      76.58,
      0.0,
      0.0,
      0.0,
      0.0,
      0.0
    ]
  },
  "폴리어학원(김포)": {
    "응시인원": [
      48,
      48,
      48,
      48,
      48,
      48,
      48,
      48,
      48,
      48,
      48,
      48,
      48,
      48,
      48,
      0,
      0,
      0,
      0,
      0
    ],
    "정답인원": [
      34,
      31,
      35,
      31,
      29,
      33,
      25,
      34,
      26,
      30,
      23,
      28,
      24,
      28,
      34,
      0,
      0,
      0,
      0,
      0
    ],
    "정답률": [
      70.83,
      64.58,
      72.92,
      64.58,
      60.42,
      68.75,
      52.08,
      70.83,
      54.17,
      62.5,
      47.92,
      58.33,
      50.0,
      58.33,
      70.83,
      0.0,
      0.0,
      0.0,
      0.0,
      0.0
    ]
  },
  "폴리어학원(김해)": {
    "응시인원": [
      32,
      32,
      32,
      32,
      32,
      32,
      32,
      32,
      32,
      32,
      32,
      32,
      32,
      32,
      32,
      0,
      0,
      0,
      0,
      0
    ],
    "정답인원": [
      23,
      27,
      21,
      28,
      27,
      29,
      25,
      26,
      28,
      30,
      25,
      31,
      29,
      29,
      30,
      0,
      0,
      0,
      0,
      0
    ],
    "정답률": [
      71.88,
      84.38,
      65.62,
      87.5,
      84.38,
      90.62,
      78.12,
      81.25,
      87.5,
      93.75,
      78.12,
      96.88,
      90.62,
      90.62,
      93.75,
      0.0,
      0.0,
      0.0,
      0.0,
      0.0
    ]
  },
  "폴리어학원(남동)": {
    "응시인원": [
      28,
      28,
      28,
      28,
      28,
      28,
      28,
      28,
      28,
      28,
      28,
      28,
      28,
      28,
      28,
      0,
      0,
      0,
      0,
      0
    ],
    "정답인원": [
      23,
      21,
      11,
      20,
      21,
      22,
      15,
      17,
      16,
      17,
      17,
      18,
      18,
      13,
      23,
      0,
      0,
      0,
      0,
      0
    ],
    "정답률": [
      82.14,
      75.0,
      39.29,
      71.43,
      75.0,
      78.57,
      53.57,
      60.71,
      57.14,
      60.71,
      60.71,
      64.29,
      64.29,
      46.43,
      82.14,
      0.0,
      0.0,
      0.0,
      0.0,
      0.0
    ]
  },
  "폴리어학원(달서)": {
    "응시인원": [
      56,
      56,
      56,
      56,
      56,
      56,
      56,
      56,
      56,
      56,
      56,
      56,
      56,
      56,
      56,
      0,
      0,
      0,
      0,
      0
    ],
    "정답인원": [
      48,
      50,
      54,
      46,
      51,
      45,
      39,
      50,
      38,
      46,
      40,
      49,
      46,
      38,
      49,
      0,
      0,
      0,
      0,
      0
    ],
    "정답률": [
      85.71,
      89.29,
      96.43,
      82.14,
      91.07,
      80.36,
      69.64,
      89.29,
      67.86,
      82.14,
      71.43,
      87.5,
      82.14,
      67.86,
      87.5,
      0.0,
      0.0,
      0.0,
      0.0,
      0.0
    ]
  },
  "폴리어학원(대구북구)": {
    "응시인원": [
      36,
      36,
      36,
      36,
      36,
      36,
      36,
      36,
      36,
      36,
      36,
      36,
      36,
      36,
      36,
      0,
      0,
      0,
      0,
      0
    ],
    "정답인원": [
      29,
      31,
      29,
      27,
      32,
      30,
      28,
      32,
      29,
      32,
      24,
      34,
      31,
      31,
      34,
      0,
      0,
      0,
      0,
      0
    ],
    "정답률": [
      80.56,
      86.11,
      80.56,
      75.0,
      88.89,
      83.33,
      77.78,
      88.89,
      80.56,
      88.89,
      66.67,
      94.44,
      86.11,
      86.11,
      94.44,
      0.0,
      0.0,
      0.0,
      0.0,
      0.0
    ]
  },
  "폴리어학원(대전)": {
    "응시인원": [
      158,
      158,
      158,
      158,
      158,
      158,
      158,
      158,
      158,
      158,
      158,
      158,
      158,
      158,
      158,
      0,
      0,
      0,
      0,
      0
    ],
    "정답인원": [
      116,
      119,
      114,
      117,
      126,
      119,
      103,
      114,
      95,
      115,
      106,
      119,
      115,
      117,
      117,
      0,
      0,
      0,
      0,
      0
    ],
    "정답률": [
      73.42,
      75.32,
      72.15,
      74.05,
      79.75,
      75.32,
      65.19,
      72.15,
      60.13,
      72.78,
      67.09,
      75.32,
      72.78,
      74.05,
      74.05,
      0.0,
      0.0,
      0.0,
      0.0,
      0.0
    ]
  },
  "폴리어학원(덕양)": {
    "응시인원": [
      64,
      64,
      64,
      64,
      64,
      64,
      64,
      64,
      64,
      64,
      64,
      64,
      64,
      64,
      64,
      0,
      0,
      0,
      0,
      0
    ],
    "정답인원": [
      54,
      60,
      52,
      54,
      53,
      42,
      43,
      52,
      44,
      41,
      38,
      41,
      42,
      46,
      45,
      0,
      0,
      0,
      0,
      0
    ],
    "정답률": [
      84.38,
      93.75,
      81.25,
      84.38,
      82.81,
      65.62,
      67.19,
      81.25,
      68.75,
      64.06,
      59.38,
      64.06,
      65.62,
      71.88,
      70.31,
      0.0,
      0.0,
      0.0,
      0.0,
      0.0
    ]
  },
  "폴리어학원(동대문)": {
    "응시인원": [
      32,
      32,
      32,
      32,
      32,
      32,
      32,
      32,
      32,
      32,
      32,
      32,
      32,
      32,
      32,
      0,
      0,
      0,
      0,
      0
    ],
    "정답인원": [
      29,
      28,
      28,
      27,
      27,
      26,
      23,
      27,
      24,
      27,
      22,
      22,
      27,
      27,
      27,
      0,
      0,
      0,
      0,
      0
    ],
    "정답률": [
      90.62,
      87.5,
      87.5,
      84.38,
      84.38,
      81.25,
      71.88,
      84.38,
      75.0,
      84.38,
      68.75,
      68.75,
      84.38,
      84.38,
      84.38,
      0.0,
      0.0,
      0.0,
      0.0,
      0.0
    ]
  },
  "폴리어학원(동래)": {
    "응시인원": [
      44,
      44,
      44,
      44,
      44,
      44,
      44,
      44,
      44,
      44,
      44,
      44,
      44,
      44,
      44,
      0,
      0,
      0,
      0,
      0
    ],
    "정답인원": [
      35,
      37,
      35,
      34,
      35,
      36,
      24,
      35,
      35,
      33,
      35,
      31,
      32,
      32,
      38,
      0,
      0,
      0,
      0,
      0
    ],
    "정답률": [
      79.55,
      84.09,
      79.55,
      77.27,
      79.55,
      81.82,
      54.55,
      79.55,
      79.55,
      75.0,
      79.55,
      70.45,
      72.73,
      72.73,
      86.36,
      0.0,
      0.0,
      0.0,
      0.0,
      0.0
    ]
  },
  "폴리어학원(동탄)": {
    "응시인원": [
      57,
      57,
      57,
      57,
      57,
      57,
      57,
      57,
      57,
      57,
      57,
      57,
      57,
      57,
      57,
      0,
      0,
      0,
      0,
      0
    ],
    "정답인원": [
      43,
      50,
      51,
      49,
      48,
      53,
      38,
      48,
      44,
      48,
      37,
      47,
      49,
      45,
      47,
      0,
      0,
      0,
      0,
      0
    ],
    "정답률": [
      75.44,
      87.72,
      89.47,
      85.96,
      84.21,
      92.98,
      66.67,
      84.21,
      77.19,
      84.21,
      64.91,
      82.46,
      85.96,
      78.95,
      82.46,
      0.0,
      0.0,
      0.0,
      0.0,
      0.0
    ]
  },
  "폴리어학원(마산)": {
    "응시인원": [
      20,
      20,
      20,
      20,
      20,
      20,
      20,
      20,
      20,
      20,
      20,
      20,
      20,
      20,
      20,
      0,
      0,
      0,
      0,
      0
    ],
    "정답인원": [
      20,
      19,
      20,
      20,
      20,
      19,
      19,
      19,
      19,
      20,
      18,
      20,
      20,
      20,
      19,
      0,
      0,
      0,
      0,
      0
    ],
    "정답률": [
      100.0,
      95.0,
      100.0,
      100.0,
      100.0,
      95.0,
      95.0,
      95.0,
      95.0,
      100.0,
      90.0,
      100.0,
      100.0,
      100.0,
      95.0,
      0.0,
      0.0,
      0.0,
      0.0,
      0.0
    ]
  },
  "폴리어학원(마포)": {
    "응시인원": [
      141,
      141,
      141,
      141,
      141,
      141,
      141,
      141,
      141,
      141,
      141,
      141,
      141,
      141,
      141,
      0,
      0,
      0,
      0,
      0
    ],
    "정답인원": [
      102,
      98,
      112,
      114,
      112,
      114,
      99,
      102,
      101,
      113,
      90,
      106,
      101,
      92,
      114,
      0,
      0,
      0,
      0,
      0
    ],
    "정답률": [
      72.34,
      69.5,
      79.43,
      80.85,
      79.43,
      80.85,
      70.21,
      72.34,
      71.63,
      80.14,
      63.83,
      75.18,
      71.63,
      65.25,
      80.85,
      0.0,
      0.0,
      0.0,
      0.0,
      0.0
    ]
  },
  "폴리어학원(목동)": {
    "응시인원": [
      204,
      204,
      204,
      204,
      204,
      204,
      204,
      204,
      204,
      204,
      204,
      204,
      203,
      203,
      203,
      0,
      0,
      0,
      0,
      0
    ],
    "정답인원": [
      167,
      179,
      175,
      179,
      179,
      189,
      167,
      180,
      177,
      182,
      158,
      186,
      171,
      169,
      183,
      0,
      0,
      0,
      0,
      0
    ],
    "정답률": [
      81.86,
      87.75,
      85.78,
      87.75,
      87.75,
      92.65,
      81.86,
      88.24,
      86.76,
      89.22,
      77.45,
      91.18,
      84.24,
      83.25,
      90.15,
      0.0,
      0.0,
      0.0,
      0.0,
      0.0
    ]
  },
  "폴리어학원(부산명지)": {
    "응시인원": [
      48,
      48,
      48,
      48,
      48,
      48,
      48,
      48,
      48,
      48,
      48,
      48,
      48,
      48,
      48,
      0,
      0,
      0,
      0,
      0
    ],
    "정답인원": [
      44,
      44,
      42,
      41,
      44,
      44,
      44,
      43,
      39,
      40,
      39,
      41,
      41,
      39,
      47,
      0,
      0,
      0,
      0,
      0
    ],
    "정답률": [
      91.67,
      91.67,
      87.5,
      85.42,
      91.67,
      91.67,
      91.67,
      89.58,
      81.25,
      83.33,
      81.25,
      85.42,
      85.42,
      81.25,
      97.92,
      0.0,
      0.0,
      0.0,
      0.0,
      0.0
    ]
  },
  "폴리어학원(부산화명)": {
    "응시인원": [
      40,
      40,
      40,
      40,
      40,
      40,
      40,
      40,
      40,
      40,
      40,
      40,
      40,
      40,
      40,
      0,
      0,
      0,
      0,
      0
    ],
    "정답인원": [
      32,
      35,
      34,
      35,
      28,
      34,
      26,
      37,
      32,
      33,
      34,
      30,
      28,
      29,
      35,
      0,
      0,
      0,
      0,
      0
    ],
    "정답률": [
      80.0,
      87.5,
      85.0,
      87.5,
      70.0,
      85.0,
      65.0,
      92.5,
      80.0,
      82.5,
      85.0,
      75.0,
      70.0,
      72.5,
      87.5,
      0.0,
      0.0,
      0.0,
      0.0,
      0.0
    ]
  },
  "폴리어학원(부천)": {
    "응시인원": [
      28,
      28,
      28,
      28,
      28,
      28,
      28,
      28,
      28,
      28,
      28,
      28,
      28,
      28,
      28,
      0,
      0,
      0,
      0,
      0
    ],
    "정답인원": [
      22,
      25,
      20,
      26,
      24,
      25,
      17,
      22,
      16,
      17,
      17,
      19,
      19,
      19,
      19,
      0,
      0,
      0,
      0,
      0
    ],
    "정답률": [
      78.57,
      89.29,
      71.43,
      92.86,
      85.71,
      89.29,
      60.71,
      78.57,
      57.14,
      60.71,
      60.71,
      67.86,
      67.86,
      67.86,
      67.86,
      0.0,
      0.0,
      0.0,
      0.0,
      0.0
    ]
  },
  "폴리어학원(분당)": {
    "응시인원": [
      114,
      114,
      114,
      114,
      114,
      114,
      114,
      114,
      114,
      114,
      114,
      114,
      114,
      114,
      114,
      0,
      0,
      0,
      0,
      0
    ],
    "정답인원": [
      88,
      99,
      101,
      105,
      102,
      104,
      87,
      106,
      102,
      102,
      83,
      105,
      95,
      103,
      104,
      0,
      0,
      0,
      0,
      0
    ],
    "정답률": [
      77.19,
      86.84,
      88.6,
      92.11,
      89.47,
      91.23,
      76.32,
      92.98,
      89.47,
      89.47,
      72.81,
      92.11,
      83.33,
      90.35,
      91.23,
      0.0,
      0.0,
      0.0,
      0.0,
      0.0
    ]
  },
  "폴리어학원(서대문)": {
    "응시인원": [
      44,
      44,
      44,
      44,
      44,
      44,
      44,
      44,
      44,
      44,
      44,
      43,
      43,
      43,
      43,
      0,
      0,
      0,
      0,
      0
    ],
    "정답인원": [
      33,
      39,
      35,
      32,
      31,
      32,
      31,
      35,
      27,
      33,
      29,
      31,
      34,
      30,
      31,
      0,
      0,
      0,
      0,
      0
    ],
    "정답률": [
      75.0,
      88.64,
      79.55,
      72.73,
      70.45,
      72.73,
      70.45,
      79.55,
      61.36,
      75.0,
      65.91,
      72.09,
      79.07,
      69.77,
      72.09,
      0.0,
      0.0,
      0.0,
      0.0,
      0.0
    ]
  },
  "폴리어학원(성동)": {
    "응시인원": [
      108,
      108,
      108,
      108,
      108,
      108,
      108,
      108,
      108,
      108,
      108,
      108,
      108,
      108,
      108,
      0,
      0,
      0,
      0,
      0
    ],
    "정답인원": [
      91,
      93,
      91,
      86,
      80,
      95,
      63,
      88,
      71,
      74,
      73,
      82,
      85,
      74,
      82,
      0,
      0,
      0,
      0,
      0
    ],
    "정답률": [
      84.26,
      86.11,
      84.26,
      79.63,
      74.07,
      87.96,
      58.33,
      81.48,
      65.74,
      68.52,
      67.59,
      75.93,
      78.7,
      68.52,
      75.93,
      0.0,
      0.0,
      0.0,
      0.0,
      0.0
    ]
  },
  "폴리어학원(성북)": {
    "응시인원": [
      82,
      82,
      82,
      82,
      82,
      82,
      82,
      82,
      82,
      82,
      82,
      82,
      82,
      82,
      82,
      0,
      0,
      0,
      0,
      0
    ],
    "정답인원": [
      64,
      69,
      66,
      71,
      71,
      74,
      61,
      72,
      68,
      66,
      62,
      67,
      72,
      61,
      77,
      0,
      0,
      0,
      0,
      0
    ],
    "정답률": [
      78.05,
      84.15,
      80.49,
      86.59,
      86.59,
      90.24,
      74.39,
      87.8,
      82.93,
      80.49,
      75.61,
      81.71,
      87.8,
      74.39,
      93.9,
      0.0,
      0.0,
      0.0,
      0.0,
      0.0
    ]
  },
  "폴리어학원(세종)": {
    "응시인원": [
      56,
      56,
      56,
      56,
      56,
      56,
      56,
      56,
      56,
      56,
      56,
      56,
      56,
      56,
      56,
      0,
      0,
      0,
      0,
      0
    ],
    "정답인원": [
      49,
      39,
      46,
      46,
      46,
      46,
      35,
      46,
      37,
      44,
      41,
      42,
      40,
      37,
      45,
      0,
      0,
      0,
      0,
      0
    ],
    "정답률": [
      87.5,
      69.64,
      82.14,
      82.14,
      82.14,
      82.14,
      62.5,
      82.14,
      66.07,
      78.57,
      73.21,
      75.0,
      71.43,
      66.07,
      80.36,
      0.0,
      0.0,
      0.0,
      0.0,
      0.0
    ]
  },
  "폴리어학원(송도)": {
    "응시인원": [
      100,
      100,
      100,
      100,
      100,
      100,
      100,
      100,
      100,
      100,
      100,
      100,
      100,
      100,
      100,
      0,
      0,
      0,
      0,
      0
    ],
    "정답인원": [
      75,
      82,
      84,
      77,
      81,
      78,
      56,
      72,
      73,
      79,
      74,
      73,
      76,
      67,
      83,
      0,
      0,
      0,
      0,
      0
    ],
    "정답률": [
      75.0,
      82.0,
      84.0,
      77.0,
      81.0,
      78.0,
      56.0,
      72.0,
      73.0,
      79.0,
      74.0,
      73.0,
      76.0,
      67.0,
      83.0,
      0.0,
      0.0,
      0.0,
      0.0,
      0.0
    ]
  },
  "폴리어학원(송파)": {
    "응시인원": [
      126,
      126,
      126,
      126,
      126,
      126,
      126,
      126,
      126,
      126,
      126,
      126,
      126,
      126,
      126,
      0,
      0,
      0,
      0,
      0
    ],
    "정답인원": [
      109,
      104,
      109,
      113,
      110,
      119,
      98,
      108,
      100,
      108,
      93,
      108,
      103,
      109,
      113,
      0,
      0,
      0,
      0,
      0
    ],
    "정답률": [
      86.51,
      82.54,
      86.51,
      89.68,
      87.3,
      94.44,
      77.78,
      85.71,
      79.37,
      85.71,
      73.81,
      85.71,
      81.75,
      86.51,
      89.68,
      0.0,
      0.0,
      0.0,
      0.0,
      0.0
    ]
  },
  "폴리어학원(수성)": {
    "응시인원": [
      45,
      45,
      45,
      45,
      45,
      45,
      45,
      45,
      45,
      45,
      45,
      45,
      45,
      45,
      45,
      0,
      0,
      0,
      0,
      0
    ],
    "정답인원": [
      33,
      34,
      38,
      35,
      31,
      38,
      32,
      35,
      36,
      31,
      30,
      39,
      30,
      37,
      40,
      0,
      0,
      0,
      0,
      0
    ],
    "정답률": [
      73.33,
      75.56,
      84.44,
      77.78,
      68.89,
      84.44,
      71.11,
      77.78,
      80.0,
      68.89,
      66.67,
      86.67,
      66.67,
      82.22,
      88.89,
      0.0,
      0.0,
      0.0,
      0.0,
      0.0
    ]
  },
  "폴리어학원(수지별관)": {
    "응시인원": [
      160,
      160,
      160,
      160,
      160,
      160,
      160,
      160,
      160,
      160,
      160,
      160,
      160,
      160,
      160,
      0,
      0,
      0,
      0,
      0
    ],
    "정답인원": [
      131,
      132,
      139,
      130,
      136,
      130,
      100,
      129,
      122,
      125,
      119,
      139,
      118,
      120,
      132,
      0,
      0,
      0,
      0,
      0
    ],
    "정답률": [
      81.88,
      82.5,
      86.88,
      81.25,
      85.0,
      81.25,
      62.5,
      80.62,
      76.25,
      78.12,
      74.38,
      86.88,
      73.75,
      75.0,
      82.5,
      0.0,
      0.0,
      0.0,
      0.0,
      0.0
    ]
  },
  "폴리어학원(시흥장현)": {
    "응시인원": [
      20,
      20,
      20,
      20,
      20,
      20,
      20,
      20,
      20,
      20,
      20,
      20,
      20,
      20,
      20,
      0,
      0,
      0,
      0,
      0
    ],
    "정답인원": [
      16,
      17,
      16,
      15,
      16,
      18,
      16,
      17,
      13,
      11,
      16,
      17,
      14,
      15,
      15,
      0,
      0,
      0,
      0,
      0
    ],
    "정답률": [
      80.0,
      85.0,
      80.0,
      75.0,
      80.0,
      90.0,
      80.0,
      85.0,
      65.0,
      55.0,
      80.0,
      85.0,
      70.0,
      75.0,
      75.0,
      0.0,
      0.0,
      0.0,
      0.0,
      0.0
    ]
  },
  "폴리어학원(영통)": {
    "응시인원": [
      96,
      96,
      96,
      96,
      96,
      96,
      96,
      96,
      96,
      96,
      96,
      96,
      96,
      96,
      96,
      0,
      0,
      0,
      0,
      0
    ],
    "정답인원": [
      65,
      73,
      73,
      78,
      80,
      85,
      71,
      79,
      78,
      71,
      67,
      76,
      75,
      75,
      83,
      0,
      0,
      0,
      0,
      0
    ],
    "정답률": [
      67.71,
      76.04,
      76.04,
      81.25,
      83.33,
      88.54,
      73.96,
      82.29,
      81.25,
      73.96,
      69.79,
      79.17,
      78.12,
      78.12,
      86.46,
      0.0,
      0.0,
      0.0,
      0.0,
      0.0
    ]
  },
  "폴리어학원(운정)": {
    "응시인원": [
      50,
      50,
      50,
      50,
      50,
      50,
      50,
      50,
      50,
      50,
      50,
      50,
      50,
      50,
      50,
      0,
      0,
      0,
      0,
      0
    ],
    "정답인원": [
      45,
      45,
      38,
      43,
      42,
      37,
      35,
      40,
      33,
      32,
      34,
      38,
      35,
      30,
      35,
      0,
      0,
      0,
      0,
      0
    ],
    "정답률": [
      90.0,
      90.0,
      76.0,
      86.0,
      84.0,
      74.0,
      70.0,
      80.0,
      66.0,
      64.0,
      68.0,
      76.0,
      70.0,
      60.0,
      70.0,
      0.0,
      0.0,
      0.0,
      0.0,
      0.0
    ]
  },
  "폴리어학원(울산남구)": {
    "응시인원": [
      40,
      40,
      40,
      40,
      40,
      40,
      40,
      40,
      40,
      40,
      40,
      40,
      40,
      40,
      40,
      0,
      0,
      0,
      0,
      0
    ],
    "정답인원": [
      30,
      34,
      32,
      35,
      35,
      35,
      25,
      29,
      27,
      30,
      23,
      30,
      29,
      28,
      33,
      0,
      0,
      0,
      0,
      0
    ],
    "정답률": [
      75.0,
      85.0,
      80.0,
      87.5,
      87.5,
      87.5,
      62.5,
      72.5,
      67.5,
      75.0,
      57.5,
      75.0,
      72.5,
      70.0,
      82.5,
      0.0,
      0.0,
      0.0,
      0.0,
      0.0
    ]
  },
  "폴리어학원(원주)": {
    "응시인원": [
      20,
      20,
      20,
      20,
      20,
      20,
      20,
      20,
      20,
      20,
      20,
      20,
      20,
      20,
      20,
      0,
      0,
      0,
      0,
      0
    ],
    "정답인원": [
      17,
      18,
      17,
      14,
      15,
      17,
      10,
      14,
      13,
      15,
      14,
      15,
      14,
      10,
      16,
      0,
      0,
      0,
      0,
      0
    ],
    "정답률": [
      85.0,
      90.0,
      85.0,
      70.0,
      75.0,
      85.0,
      50.0,
      70.0,
      65.0,
      75.0,
      70.0,
      75.0,
      70.0,
      50.0,
      80.0,
      0.0,
      0.0,
      0.0,
      0.0,
      0.0
    ]
  },
  "폴리어학원(위례)": {
    "응시인원": [
      51,
      51,
      51,
      51,
      51,
      51,
      51,
      51,
      51,
      51,
      51,
      51,
      51,
      51,
      51,
      0,
      0,
      0,
      0,
      0
    ],
    "정답인원": [
      46,
      46,
      45,
      49,
      48,
      48,
      44,
      50,
      45,
      47,
      45,
      43,
      45,
      46,
      50,
      0,
      0,
      0,
      0,
      0
    ],
    "정답률": [
      90.2,
      90.2,
      88.24,
      96.08,
      94.12,
      94.12,
      86.27,
      98.04,
      88.24,
      92.16,
      88.24,
      84.31,
      88.24,
      90.2,
      98.04,
      0.0,
      0.0,
      0.0,
      0.0,
      0.0
    ]
  },
  "폴리어학원(유성)": {
    "응시인원": [
      153,
      153,
      153,
      153,
      153,
      153,
      153,
      153,
      153,
      153,
      153,
      153,
      153,
      153,
      153,
      0,
      0,
      0,
      0,
      0
    ],
    "정답인원": [
      102,
      123,
      112,
      131,
      128,
      133,
      104,
      123,
      118,
      123,
      108,
      121,
      114,
      114,
      132,
      0,
      0,
      0,
      0,
      0
    ],
    "정답률": [
      66.67,
      80.39,
      73.2,
      85.62,
      83.66,
      86.93,
      67.97,
      80.39,
      77.12,
      80.39,
      70.59,
      79.08,
      74.51,
      74.51,
      86.27,
      0.0,
      0.0,
      0.0,
      0.0,
      0.0
    ]
  },
  "폴리어학원(은평)": {
    "응시인원": [
      44,
      44,
      44,
      44,
      44,
      44,
      44,
      44,
      44,
      44,
      44,
      44,
      44,
      44,
      44,
      0,
      0,
      0,
      0,
      0
    ],
    "정답인원": [
      38,
      32,
      34,
      35,
      33,
      35,
      25,
      36,
      33,
      36,
      31,
      32,
      34,
      35,
      35,
      0,
      0,
      0,
      0,
      0
    ],
    "정답률": [
      86.36,
      72.73,
      77.27,
      79.55,
      75.0,
      79.55,
      56.82,
      81.82,
      75.0,
      81.82,
      70.45,
      72.73,
      77.27,
      79.55,
      79.55,
      0.0,
      0.0,
      0.0,
      0.0,
      0.0
    ]
  },
  "폴리어학원(전주)": {
    "응시인원": [
      69,
      69,
      69,
      69,
      69,
      69,
      69,
      69,
      69,
      69,
      69,
      69,
      69,
      69,
      69,
      0,
      0,
      0,
      0,
      0
    ],
    "정답인원": [
      56,
      59,
      61,
      62,
      63,
      60,
      61,
      62,
      58,
      56,
      53,
      52,
      44,
      48,
      51,
      0,
      0,
      0,
      0,
      0
    ],
    "정답률": [
      81.16,
      85.51,
      88.41,
      89.86,
      91.3,
      86.96,
      88.41,
      89.86,
      84.06,
      81.16,
      76.81,
      75.36,
      63.77,
      69.57,
      73.91,
      0.0,
      0.0,
      0.0,
      0.0,
      0.0
    ]
  },
  "폴리어학원(정발)": {
    "응시인원": [
      200,
      200,
      200,
      200,
      200,
      200,
      200,
      200,
      200,
      200,
      200,
      200,
      200,
      200,
      200,
      0,
      0,
      0,
      0,
      0
    ],
    "정답인원": [
      178,
      170,
      172,
      163,
      160,
      153,
      139,
      169,
      147,
      155,
      150,
      163,
      157,
      145,
      164,
      0,
      0,
      0,
      0,
      0
    ],
    "정답률": [
      89.0,
      85.0,
      86.0,
      81.5,
      80.0,
      76.5,
      69.5,
      84.5,
      73.5,
      77.5,
      75.0,
      81.5,
      78.5,
      72.5,
      82.0,
      0.0,
      0.0,
      0.0,
      0.0,
      0.0
    ]
  },
  "폴리어학원(중계)": {
    "응시인원": [
      83,
      83,
      83,
      83,
      83,
      83,
      83,
      83,
      83,
      83,
      83,
      83,
      83,
      83,
      83,
      0,
      0,
      0,
      0,
      0
    ],
    "정답인원": [
      66,
      70,
      71,
      71,
      71,
      74,
      61,
      70,
      63,
      70,
      60,
      67,
      63,
      63,
      75,
      0,
      0,
      0,
      0,
      0
    ],
    "정답률": [
      79.52,
      84.34,
      85.54,
      85.54,
      85.54,
      89.16,
      73.49,
      84.34,
      75.9,
      84.34,
      72.29,
      80.72,
      75.9,
      75.9,
      90.36,
      0.0,
      0.0,
      0.0,
      0.0,
      0.0
    ]
  },
  "폴리어학원(진주)": {
    "응시인원": [
      36,
      36,
      36,
      36,
      36,
      36,
      36,
      36,
      36,
      36,
      36,
      36,
      36,
      36,
      36,
      0,
      0,
      0,
      0,
      0
    ],
    "정답인원": [
      21,
      19,
      22,
      23,
      21,
      24,
      18,
      21,
      18,
      22,
      20,
      21,
      24,
      22,
      20,
      0,
      0,
      0,
      0,
      0
    ],
    "정답률": [
      58.33,
      52.78,
      61.11,
      63.89,
      58.33,
      66.67,
      50.0,
      58.33,
      50.0,
      61.11,
      55.56,
      58.33,
      66.67,
      61.11,
      55.56,
      0.0,
      0.0,
      0.0,
      0.0,
      0.0
    ]
  },
  "폴리어학원(창원)": {
    "응시인원": [
      40,
      40,
      40,
      40,
      40,
      40,
      40,
      40,
      40,
      40,
      40,
      40,
      40,
      40,
      40,
      0,
      0,
      0,
      0,
      0
    ],
    "정답인원": [
      33,
      35,
      32,
      37,
      35,
      35,
      28,
      37,
      33,
      28,
      22,
      37,
      31,
      32,
      34,
      0,
      0,
      0,
      0,
      0
    ],
    "정답률": [
      82.5,
      87.5,
      80.0,
      92.5,
      87.5,
      87.5,
      70.0,
      92.5,
      82.5,
      70.0,
      55.0,
      92.5,
      77.5,
      80.0,
      85.0,
      0.0,
      0.0,
      0.0,
      0.0,
      0.0
    ]
  },
  "폴리어학원(천안)": {
    "응시인원": [
      44,
      44,
      44,
      44,
      44,
      44,
      44,
      44,
      44,
      44,
      44,
      44,
      44,
      44,
      44,
      0,
      0,
      0,
      0,
      0
    ],
    "정답인원": [
      35,
      37,
      34,
      35,
      36,
      28,
      23,
      37,
      28,
      34,
      31,
      33,
      28,
      30,
      29,
      0,
      0,
      0,
      0,
      0
    ],
    "정답률": [
      79.55,
      84.09,
      77.27,
      79.55,
      81.82,
      63.64,
      52.27,
      84.09,
      63.64,
      77.27,
      70.45,
      75.0,
      63.64,
      68.18,
      65.91,
      0.0,
      0.0,
      0.0,
      0.0,
      0.0
    ]
  },
  "폴리어학원(청라)": {
    "응시인원": [
      28,
      28,
      28,
      28,
      28,
      28,
      28,
      28,
      28,
      28,
      28,
      28,
      28,
      28,
      28,
      0,
      0,
      0,
      0,
      0
    ],
    "정답인원": [
      19,
      22,
      15,
      19,
      18,
      17,
      11,
      17,
      11,
      15,
      13,
      13,
      17,
      13,
      16,
      0,
      0,
      0,
      0,
      0
    ],
    "정답률": [
      67.86,
      78.57,
      53.57,
      67.86,
      64.29,
      60.71,
      39.29,
      60.71,
      39.29,
      53.57,
      46.43,
      46.43,
      60.71,
      46.43,
      57.14,
      0.0,
      0.0,
      0.0,
      0.0,
      0.0
    ]
  },
  "폴리어학원(청주)": {
    "응시인원": [
      136,
      136,
      136,
      136,
      136,
      136,
      136,
      136,
      136,
      136,
      136,
      136,
      136,
      136,
      136,
      0,
      0,
      0,
      0,
      0
    ],
    "정답인원": [
      100,
      99,
      104,
      110,
      110,
      111,
      85,
      113,
      98,
      103,
      97,
      111,
      103,
      95,
      112,
      0,
      0,
      0,
      0,
      0
    ],
    "정답률": [
      73.53,
      72.79,
      76.47,
      80.88,
      80.88,
      81.62,
      62.5,
      83.09,
      72.06,
      75.74,
      71.32,
      81.62,
      75.74,
      69.85,
      82.35,
      0.0,
      0.0,
      0.0,
      0.0,
      0.0
    ]
  },
  "폴리어학원(평촌)": {
    "응시인원": [
      96,
      96,
      96,
      96,
      96,
      96,
      96,
      96,
      96,
      96,
      96,
      96,
      96,
      96,
      96,
      0,
      0,
      0,
      0,
      0
    ],
    "정답인원": [
      76,
      70,
      84,
      78,
      76,
      69,
      67,
      78,
      71,
      76,
      66,
      76,
      72,
      68,
      75,
      0,
      0,
      0,
      0,
      0
    ],
    "정답률": [
      79.17,
      72.92,
      87.5,
      81.25,
      79.17,
      71.88,
      69.79,
      81.25,
      73.96,
      79.17,
      68.75,
      79.17,
      75.0,
      70.83,
      78.12,
      0.0,
      0.0,
      0.0,
      0.0,
      0.0
    ]
  },
  "폴리어학원(평택지제)": {
    "응시인원": [
      55,
      55,
      55,
      55,
      55,
      55,
      55,
      55,
      55,
      55,
      55,
      55,
      55,
      55,
      55,
      0,
      0,
      0,
      0,
      0
    ],
    "정답인원": [
      50,
      50,
      47,
      47,
      46,
      48,
      39,
      49,
      43,
      49,
      43,
      52,
      45,
      43,
      48,
      0,
      0,
      0,
      0,
      0
    ],
    "정답률": [
      90.91,
      90.91,
      85.45,
      85.45,
      83.64,
      87.27,
      70.91,
      89.09,
      78.18,
      89.09,
      78.18,
      94.55,
      81.82,
      78.18,
      87.27,
      0.0,
      0.0,
      0.0,
      0.0,
      0.0
    ]
  },
  "폴리어학원(포항)": {
    "응시인원": [
      79,
      79,
      79,
      79,
      79,
      79,
      79,
      79,
      79,
      79,
      79,
      79,
      79,
      79,
      79,
      0,
      0,
      0,
      0,
      0
    ],
    "정답인원": [
      54,
      58,
      56,
      65,
      58,
      64,
      50,
      65,
      58,
      56,
      49,
      64,
      49,
      44,
      61,
      0,
      0,
      0,
      0,
      0
    ],
    "정답률": [
      68.35,
      73.42,
      70.89,
      82.28,
      73.42,
      81.01,
      63.29,
      82.28,
      73.42,
      70.89,
      62.03,
      81.01,
      62.03,
      55.7,
      77.22,
      0.0,
      0.0,
      0.0,
      0.0,
      0.0
    ]
  },
  "폴리어학원(하남미사)": {
    "응시인원": [
      48,
      48,
      48,
      48,
      48,
      48,
      48,
      48,
      48,
      48,
      48,
      48,
      48,
      48,
      48,
      0,
      0,
      0,
      0,
      0
    ],
    "정답인원": [
      43,
      39,
      42,
      43,
      40,
      42,
      32,
      43,
      41,
      44,
      36,
      41,
      41,
      42,
      42,
      0,
      0,
      0,
      0,
      0
    ],
    "정답률": [
      89.58,
      81.25,
      87.5,
      89.58,
      83.33,
      87.5,
      66.67,
      89.58,
      85.42,
      91.67,
      75.0,
      85.42,
      85.42,
      87.5,
      87.5,
      0.0,
      0.0,
      0.0,
      0.0,
      0.0
    ]
  },
  "폴리어학원(해운대)": {
    "응시인원": [
      45,
      45,
      45,
      45,
      45,
      45,
      45,
      45,
      45,
      45,
      45,
      45,
      45,
      45,
      45,
      0,
      0,
      0,
      0,
      0
    ],
    "정답인원": [
      27,
      32,
      30,
      34,
      33,
      35,
      25,
      31,
      24,
      28,
      27,
      28,
      25,
      27,
      31,
      0,
      0,
      0,
      0,
      0
    ],
    "정답률": [
      60.0,
      71.11,
      66.67,
      75.56,
      73.33,
      77.78,
      55.56,
      68.89,
      53.33,
      62.22,
      60.0,
      62.22,
      55.56,
      60.0,
      68.89,
      0.0,
      0.0,
      0.0,
      0.0,
      0.0
    ]
  }
},
